  0.0000000000000000e+000
  0.0000000000000000e+000
  1.7096204543012996e-002
  9.3932578484111975e-002
 -1.5999020128454902e-001
  2.1980796203626660e-001
 -1.9676487575328874e-001
  1.3838641187445944e-001
 -1.3933587261622568e-001
  1.2399261351315967e-001
 -7.0957074748246807e-002
  5.2600931299369318e-002
 -1.3066609771732919e-002
  2.0560075682794908e-002
 -2.6615343290020927e-002
  8.4636014699265197e-002
 -1.1677267895409028e-001
  7.8659938358519831e-003
 -4.1564745788179244e-002
  1.3395158376721669e-001
 -1.6638373129298337e-001
  1.0540692673561192e-001
 -1.0680221645499982e-001
  5.4427756898262868e-002
 -5.0021225361738281e-002
  1.6862843764456927e-002
 -1.2481526048269612e-002
  8.0404951355328255e-002
 -8.8464819854872936e-002
  1.3854658225874772e-001
 -9.7487901830275975e-002
  8.3209835846606572e-002
 -9.2871984196543314e-002
  5.9447334431486615e-002
 -4.9174838766928478e-002
 -2.2801997282718561e-002
  1.4798079914772405e-001
 -1.2197483311690004e-001
  6.0594353464393361e-002
 -7.5671036567326058e-002
  6.1723161413856739e-002
 -1.0653643350280222e-002
 -2.2366696314702832e-002
 -3.1065459865549150e-002
  1.5616588231499586e-003
  7.9635628186344194e-003
  4.5632600767664754e-002
 -5.9998980003007039e-002
  9.9795549183434515e-002
 -1.2320966278089275e-001
  1.1065605381473650e-001
 -8.1754320947351716e-002
 -2.0333215524206028e-002
 -5.5073703893940590e-002
  9.2573803601084512e-002
 -9.8611388739484426e-002
  1.4096045652506400e-001
 -1.3673920154295260e-001
  9.4316270196416266e-002
 -8.9605911597053750e-002
  1.0482915894471670e-001
 -6.9483225366531912e-002
  8.6877293051549509e-002
  1.4637332972402392e-002
 -1.9597905325632586e-002
 -6.3824193664165890e-002
  9.0055969637358457e-002
 -1.3151882002314309e-002
 -6.4430833429801090e-002
  8.0888495397845650e-002
 -1.4572245858616420e-001
  1.6374828493858326e-001
 -1.6714771840146475e-001
  6.6977428094151970e-002
  6.6519855820875553e-003
  7.0023098063404648e-002
 -5.5532777764907393e-002
  3.3033622051308061e-002
  1.2861710496311046e-001
 -1.9831715187850474e-001
  2.4504291035626577e-001
 -1.8593947131088395e-001
  1.7122489520083131e-001
 -1.3477364469756967e-001
  3.5077540312586267e-002
  3.8843816690626420e-002
 -4.8206808145146260e-002
 -2.3585537622112896e-002
  1.8065826422062281e-001
 -1.3231165730974334e-001
  9.6475681595280249e-002
 -1.2211449361345159e-001
  8.2974416341657656e-002
 -6.9379443733759164e-002
  5.3880244768025651e-002
 -7.9813597945844639e-002
  3.4767479935056071e-002
 -3.6371411194122780e-002
 -1.0920769557875475e-002
  8.3056514117380964e-002
 -1.3830899296676863e-001
  1.6719190128364189e-001
 -4.6413095283089241e-002
 -4.8833854459453353e-002
  1.0048764409113851e-001
 -1.3149801278881626e-001
  1.1110912028407492e-001
 -1.5079495700925610e-001
  2.2625970965331929e-001
 -2.1161363954926546e-001
  1.6734254112519337e-001
 -1.2316126941559698e-001
  8.1417727264580880e-002
 -1.0285446262018733e-001
  8.9524117247443330e-002
 -1.8746585149262106e-002
  9.3655647521559041e-002
 -1.0122035423668876e-001
 -2.7156697863920880e-002
  1.3857200827376689e-001
 -1.6150250874870664e-001
  2.0998319001499696e-001
 -1.4674482820743631e-001
  9.5106973851901311e-002
 -9.9813408678637874e-002
  1.5290221445275387e-001
 -1.8545108108171096e-001
  1.3817290570324278e-001
 -5.0290843595305071e-002
  3.0147547867600939e-002
 -9.3071635685185075e-002
  9.3088375692915920e-002
 -8.3998118459018903e-002
  6.1620812355608942e-002
 -2.5355965016444885e-002
 -5.7954798828801758e-002
  5.8943773499199416e-002
 -1.1595472404927515e-001
  1.5515949782742697e-001
 -8.6487644546574788e-002
  3.9130325036814247e-002
  2.6032048228309119e-003
  1.6496079874404081e-002
  2.8565419938424881e-003
  1.9276531508773710e-002
 -3.3610506245084562e-002
  5.3865832652179008e-002
 -1.1327708776703789e-001
  1.4066765463835024e-001
 -6.8958165050983219e-002
  2.3645825028516164e-002
 -3.0592654656451620e-003
  8.8602373433421186e-002
 -1.1473915969366413e-001
  1.1442805564078086e-001
 -5.9769938568677086e-002
 -1.1258129618396871e-002
  4.8554568322674949e-002
  9.2195540033111832e-004
  1.8326496744223734e-003
  7.4845644625964498e-003
 -8.7107963601198879e-002
  4.7906054239248777e-002
 -1.2427393762680497e-001
  8.4026225963647769e-002
 -4.0515984116923615e-002
  1.5153094228408329e-002
 -5.0175047650071816e-002
  1.7069085862980368e-001
 -2.1503153456510304e-001
  1.9995456556706440e-001
 -1.6239315066769783e-001
  1.3134304562572405e-001
 -5.7344942622147288e-002
 -8.7401980327240003e-002
  5.1736342687753456e-002
 -1.1176036770454413e-001
  1.3404014724064547e-001
 -1.2131220075057196e-001
  9.6433580322200535e-002
 -6.8993368748748479e-002
  1.0196717473033093e-001
 -1.1560420572726031e-001
  2.3574400090154230e-002
 -3.7270806138382927e-002
 -1.8896689249446798e-002
 -2.8411012955961774e-002
  4.4490441800332438e-002
 -1.1834490710032222e-001
  1.1279348803294596e-001
 -2.7806120488293871e-002
 -6.7290212622418577e-002
  7.2243199640586689e-002
 -1.1039081810616656e-001
  5.1411432595472636e-002
  4.5953770429729902e-002
 -1.0592172255675161e-001
  5.1172238817701034e-002
 -7.9305246271219876e-002
  3.9543416855872239e-002
 -1.0134571985891945e-002
 -4.4094335479872446e-002
  1.0965712265458637e-001
 -1.2864578773640348e-001
  1.2871282894563660e-001
 -1.6773245872596970e-001
  1.2972932758390229e-001
 -8.0557389733349763e-002
  9.1613016863134888e-003
 -2.0591938723198182e-002
  1.5702817958558834e-002
 -1.4551800111397511e-002
 -5.1671538265782670e-002
  7.5932074818297418e-002
 -1.0610109430168697e-002
  6.5900256067337709e-002
 -1.5520443301664014e-001
  2.3698530896968728e-001
 -1.5010216227052342e-001
  1.1416084887101460e-001
 -1.2403243485486337e-001
  1.3831255220856814e-001
 -1.1412351868148352e-001
  2.9497892767076317e-002
 -1.3154632488791035e-002
 -1.4591242815778777e-002
  5.6051837152671230e-002
 -5.6712444777844991e-002
  3.4291139687403676e-003
  7.1770026624545152e-002
 -3.0740002534779147e-002
  1.5541869342627523e-002
  1.9826493643223562e-002
 -1.2864943580524512e-002
  1.2951113895962204e-002
 -9.4135118292071579e-002
  1.6434253149390346e-001
 -2.1241585122737219e-001
  1.8213954655098707e-001
 -1.0852506249475971e-001
  1.2340069905349176e-001
 -1.7878222245548758e-001
  1.5042311062456371e-001
 -1.8541203592288813e-001
  2.2840547817216866e-001
 -2.1809806748114391e-001
  1.4744525203461550e-001
 -2.0246518781414186e-001
  1.2682972622992278e-001
 -1.0600248967570437e-001
  1.5577425683426119e-001
 -1.5511490743850642e-001
  1.1403038560208625e-001
 -7.0948155325218726e-002
  3.6533987704524977e-002
 -1.2004808185546018e-002
  3.3043257059006632e-002
 -3.2496752374937737e-002
  5.8490236575909238e-002
 -6.5645197049255977e-002
  2.9438084101214314e-002
  3.9942358934578752e-002
 -4.2833444823623071e-002
 -2.6395439867167351e-003
 -2.3376774079501856e-002
  1.2012020444416097e-001
 -1.1953118034601500e-001
 -1.7430568963959045e-002
  4.9579616999107401e-002
 -3.2877003687085799e-003
  3.9030129192441226e-003
 -3.4385425766017857e-002
  5.0655405121822532e-002
 -1.5269140419214713e-001
  1.9922032101129045e-001
 -1.3673749043613551e-001
  6.0565540344639728e-002
 -1.1609063017429313e-002
  7.2412479298225765e-002
 -1.0494849176812615e-001
  1.3466717183604338e-001
 -1.2012606039364571e-001
  1.0536272544695141e-001
  4.3730816398879664e-002
 -2.0572288710710294e-002
 -3.0900404673449740e-002
 -5.4597640364067255e-003
 -4.8732503586307069e-002
  8.3162387254786724e-002
 -3.2488569860380694e-003
 -5.7049883805506824e-002
  5.0039822019149138e-002
  1.5884387057892727e-003
  1.3307899605903019e-002
  2.8108833218221788e-002
 -8.6369869914325707e-003
 -3.9375850396271856e-003
 -9.0585841379028850e-003
 -1.5369611686030698e-002
  2.2504342312930335e-002
 -5.9869328195167042e-002
  6.6297479430060438e-002
 -8.5639578234580446e-002
  3.0171331645891298e-002
  1.1946728769688964e-002
  1.5223541648279845e-002
  8.9360290998240666e-002
 -5.6910469153427679e-002
 -2.5207661782608040e-002
  8.4049607101163687e-002
 -1.8449067106875575e-001
  1.8085351186177928e-001
 -1.5553589378241281e-001
  1.3185065445217892e-001
 -7.2142725810707076e-002
  6.8709632887907504e-002
 -7.0155350977459771e-002
  9.3432380766358791e-002
 -9.0926069579660526e-002
  4.8660713324199578e-002
 -3.4107821441831949e-002
 -6.6545923559638898e-002
  1.3132688880402016e-001
 -1.3095262187068921e-001
  1.7109117769781865e-001
 -1.6276253298177640e-001
  1.4247280548791912e-002
  8.5708198323512633e-002
 -1.0870244916525879e-001
  1.6777087287532322e-001
 -1.4153888750538657e-001
  5.4133120924755106e-002
 -6.3393139182113326e-002
  7.7213721443609551e-002
 -2.7117946564288231e-002
 -5.5931268596790440e-004
  4.5542962816424344e-003
 -1.3977758270646692e-002
 -2.5503055795053204e-002
  8.8605275896357319e-002
 -1.2068696395985987e-001
  7.3497799117482887e-002
 -9.9843908631160605e-002
  1.4444862097352174e-001
 -1.6233775471879539e-001
  1.0832257190849595e-001
 -9.1546570123137924e-002
  2.9627027030944979e-002
 -1.8231409932993659e-002
 -1.3533192008208104e-002
 -7.4135720692932918e-003
  6.9306063693343818e-004
  4.1044431930054338e-002
 -1.3901049920281985e-001
  1.5505409889388819e-001
 -2.0161087206802478e-001
  1.3233760808324181e-002
  4.4383778754722741e-002
 -2.2777287529358189e-002
  5.6438969952233409e-002
 -1.9396158745351930e-002
  1.8665237552985315e-002
 -7.6998233509720210e-002
  1.3538410022976283e-001
 -1.8955527817324164e-001
  1.6440998010609650e-001
 -1.3009628996016170e-001
  4.4479235555181275e-002
 -2.8865843918254912e-002
 -3.6539587962239183e-002
  1.5520270829207064e-001
 -2.2422058840856005e-001
  2.0611134531370995e-001
 -1.9207183902343344e-001
  1.3505455202321465e-001
 -1.1030285699331656e-001
  9.2137573917057999e-002
 -3.0058406493074671e-002
 -9.6647488385214683e-002
  1.3433063177995716e-001
 -1.1578281802572443e-001
  5.8906941768531361e-002
 -1.3171811092915056e-001
  2.3016107690430465e-001
 -2.5888602159209673e-001
  2.6501562645053145e-001
 -2.3167613213513633e-001
  2.1890151034760930e-001
 -1.9685473867203312e-001
  1.5124437130866888e-001
 -9.5741959542055777e-002
  7.7994914172969540e-002
 -2.8550107149219781e-002
 -3.2517660131799304e-002
  7.3864008105352957e-002
 -8.9898489143683161e-002
 -3.5605716201084556e-004
  2.8694018643987886e-002
  6.9147268270663143e-003
  1.2525220704658351e-002
  2.1442529900176370e-003
  1.8773464507181932e-002
 -1.7964968987622714e-002
  7.5598122502788218e-002
 -2.1496478445375628e-002
 -2.9347192852647652e-002
  8.1008023728411701e-003
 -2.1350758358362146e-002
  3.8605480357277076e-004
 -6.3754314910789645e-002
  6.7654244435944699e-002
 -4.4562432623883874e-002
  3.5337820051166133e-002
  4.9183478854554215e-002
 -7.0492960268894192e-002
  6.8084933392811950e-002
 -4.4025825369489298e-002
 -8.4103811316451581e-003
  5.1785938587476030e-002
  9.8756157653446079e-003
  1.5163238860362659e-002
  4.0314258046278521e-002
 -5.2204196930374300e-002
 -1.1634966132933411e-002
 -5.4340754434821996e-002
  9.0887042583998282e-002
 -6.0211414461645338e-002
  1.8062454741176188e-002
  8.6619743407313678e-003
 -6.5226276972882233e-002
  4.8089534193386296e-002
  2.9670365474815399e-002
 -1.7273280720854638e-002
 -3.9360790812288889e-002
  6.5743623601194984e-002
 -1.6872714660387397e-001
  1.9290620228647037e-001
 -1.5156248910840697e-001
  6.2194214035207626e-002
 -1.0136663154950880e-001
  1.5411989844188120e-001
 -7.5879564091804630e-002
  2.8331758344812174e-002
 -3.3149835307271974e-002
 -3.3700753842580040e-002
  7.5355062944621201e-002
 -9.6066645203705406e-002
  1.9715381467754985e-002
 -1.1465097377785519e-002
  3.9966371955098771e-002
 -5.6218650996774519e-002
  6.3515191411308861e-002
 -9.6079986239590340e-002
  7.0703177624877503e-002
 -7.5075531024105420e-003
 -2.1156834732970791e-002
  5.8309426131277223e-002
 -3.0243262625493667e-002
  1.8878164635071318e-002
  2.8212677837460853e-002
 -2.0520725946514485e-002
 -3.3336564561927531e-002
  1.0048258532763829e-001
 -1.3778005862072323e-001
  3.3034134867588480e-002
  4.1846487399853007e-002
 -9.9000501187807746e-002
  1.7872201012817621e-001
 -2.4899567464437070e-001
  1.4135780807177201e-001
 -1.1728453041257510e-001
  5.8292747948160389e-002
 -2.6378877516680874e-002
  4.9687876015416806e-002
 -5.2572665893887748e-003
 -5.6870325404790929e-002
  6.1782592834331712e-002
 -8.9927197870449990e-002
  1.3119156600064388e-001
 -6.9247135598590137e-002
  5.8069815139506327e-002
 -1.1882320616227120e-001
  1.1180425426912022e-001
 -4.5830869427416258e-002
  1.8964560043835260e-002
 -1.0419562357900133e-002
  1.1532747801076779e-002
  5.1411780861325508e-002
 -5.4680050232410154e-002
 -2.3910998974561531e-002
 -3.7533288979061240e-002
  4.0790370671363041e-002
  1.1359766810763647e-002
 -3.8191618412471637e-003
  3.7840031509681067e-003
 -4.9841936444891835e-002
  8.7874029381609459e-002
 -1.1742569623167083e-001
  6.3022848110999299e-002
 -3.7955308743963606e-002
 -1.0214365809667114e-002
  1.2631989909241326e-002
  4.8421848087311051e-002
 -1.0279334362034387e-001
  3.4787045685977097e-002
 -4.2682775641507457e-002
  4.4867096416443208e-002
  5.3998611405061195e-002
 -4.8863483310293117e-002
  3.6328312990666412e-002
 -3.6526127360979694e-003
  3.0334910238005424e-002
 -1.2423630249944265e-002
 -3.8815701589133160e-002
  1.3218614445095006e-001
 -1.9908662397913987e-001
  1.8681276698351992e-001
 -2.1974784629806099e-001
  2.1303437137570516e-001
 -1.8653855445804710e-001
  1.3344160006847339e-001
 -4.2302015637071928e-002
 -4.4443157367152063e-002
  1.5763961123687181e-001
 -1.2940493321624927e-001
  1.0379020886263013e-001
 -1.0844186800555317e-001
  1.3489686299637949e-001
 -1.0761505837879662e-001
  7.0965484873592763e-002
  2.4189398592757941e-002
 -4.1912554154818343e-003
 -2.6750854297993572e-002
  9.8853483170042375e-002
 -1.2841019256274178e-001
  3.7750923292293688e-002
 -1.8683292710927921e-002
  2.4806820793574002e-002
 -2.5755809223360276e-002
 -1.7742802775580369e-002
 -4.7864344201010482e-002
  8.9697776526047490e-002
 -1.0444534240172081e-001
  7.9077797830564650e-002
 -1.3403321354504394e-001
  1.8149436712113778e-001
 -1.7958231336450339e-001
  2.1298777779185338e-001
 -2.3644082070842537e-001
  2.5110722599665891e-001
 -2.5808993543136211e-001
  1.2537283508778843e-001
 -6.8270876066953631e-002
  2.6227678541729277e-002
  1.7160263037588604e-002
 -2.1121438049531774e-002
  7.5535400534785052e-002
 -7.9023373621704904e-002
  6.1635667277223756e-002
 -1.3404019541483264e-001
  1.1005222804216830e-001
 -8.2936076857869093e-002
  7.1015347534547246e-002
 -1.2972061672017851e-001
  1.8066483099400613e-001
 -1.2994226310218226e-001
  3.5455839065262118e-002
 -9.1570972959877761e-002
  1.1653431409085782e-001
 -1.0998097525744402e-001
  8.5135723292689411e-002
 -1.2960937609924000e-001
  2.2796252516878543e-001
 -2.6408573154570747e-001
  2.3792128027393927e-001
 -2.3438305418884658e-001
  8.3237168861138661e-002
 -4.8252096783462400e-002
  4.8155415663782265e-002
 -8.4522609874463528e-002
  5.4356813156331160e-002
 -4.9155701626072197e-002
  7.9871366637075558e-002
 -6.3934102830293840e-002
  8.0243488987801842e-002
 -4.2909656149359390e-002
 -5.0690918378501829e-003
  9.4287745350898414e-002
 -7.9354457370723497e-002
 -1.7290310027267844e-002
  8.8744668647750227e-002
 -1.6223935327026878e-001
  2.1643220598837190e-001
 -1.9326408127904793e-001
  1.6383811857098446e-001
 -9.9894707251543965e-002
  1.1022709790665065e-001
 -1.1590816001584836e-001
  5.9932436101966177e-002
  3.4173362649402371e-002
 -2.7906412201453075e-002
 -6.7580704935131491e-002
  9.1272997044138909e-002
 -9.2194185339491239e-002
  3.1199651648452426e-002
 -3.4631221593974262e-002
  6.3972502838870890e-002
  3.9068652131909125e-002
 -1.8523804827109962e-002
 -2.1186980416483193e-002
  2.0571880053070042e-002
 -3.2879180261804614e-002
  3.3194953883026387e-002
 -3.6573438504255464e-002
  1.1370000846995245e-003
  6.2752977644091616e-005
 -2.9047316251305407e-002
  9.6294377727073929e-002
 -7.5772916836161566e-002
  9.3656490056995251e-002
 -9.1730484474063512e-002
  6.2065322787473259e-002
 -8.0118346409782260e-003
 -7.8551869418209325e-002
  1.8346749847277991e-001
 -1.2978101533057015e-001
  1.7590816181950117e-001
 -1.5779102412567181e-001
  1.6311190450645857e-001
 -2.1275722476866710e-001
  1.3930509312456382e-001
 -9.5594818429807660e-002
  1.1683434378927099e-002
 -6.6686304442515679e-003
  1.2973270389592631e-002
 -1.2201910066437047e-002
 -8.4037841817640145e-003
 -8.0149008185521939e-002
  7.1867761112762732e-002
 -1.1636995126027586e-001
  1.1488846492673474e-001
 -1.3503342253687123e-001
  1.6820398453597543e-001
 -1.5952728270510702e-001
  1.5846192089962002e-001
 -1.2763222388479856e-001
  1.1930839110589811e-001
 -1.6544867916296374e-001
  1.8276700023344636e-001
 -1.7891005522692546e-001
  8.5576026128431182e-002
 -2.7205213627912232e-002
 -6.0573780305947809e-002
  1.3851476382350905e-001
 -2.0115934761164941e-001
  2.2273740935986372e-001
 -1.3429162601505840e-001
  1.0591797486871615e-001
 -1.6855426124653372e-001
  1.2335739163780605e-001
 -2.8640639513192966e-002
  1.5737663319461328e-002
  5.9119571168685749e-002
 -4.7052027742616069e-002
  8.2334836112213081e-002
 -5.1996194985521160e-002
  1.4207168909356178e-002
  2.5982474900567782e-002
 -2.3173652661504930e-002
  9.5251107478542138e-002
 -6.4957316294524448e-002
 -7.8249088181076426e-003
  9.2460309175262587e-002
 -1.0035492048388879e-001
  1.0361472238360002e-001
 -8.1809302939836806e-002
  9.9979177373533915e-002
 -6.3651990726830046e-002
  2.2235694200219941e-003
 -3.6314216785193684e-002
  4.0021065571230752e-002
  2.0489623492385856e-002
  2.7612847801767315e-002
 -4.8829365745836462e-002
  5.9586460803795691e-002
 -5.7141087464923071e-003
 -2.4055770679905511e-002
  2.4493258489524300e-002
 -1.5114959724009960e-002
  5.9744009738371294e-003
  8.6331632889332895e-004
  3.3637618147017392e-002
 -3.9416493095623346e-002
  5.7817508270515433e-002
 -2.1250916646002083e-002
 -1.0511088282983203e-001
  1.3820994461458291e-001
 -1.1097297297537870e-001
  1.8347350656499312e-001
 -1.5047489389296348e-001
  8.9160327849361939e-002
 -1.0646960646928229e-001
  1.6795495680116423e-001
 -1.6865955239370986e-001
  3.6745720112292914e-002
  4.0975593666336137e-002
 -8.4793601726103313e-002
  1.6080734949686395e-001
 -1.5840581134210402e-001
  1.0471856487224403e-001
 -1.5540615646964073e-001
  1.3620393338782011e-001
 -1.7821472825388113e-001
  9.0129899841567274e-002
  2.7349356181198457e-002
 -6.5644486727731183e-002
  2.7911311624096311e-002
  6.7569460602332097e-003
 -2.6505249621452585e-002
  7.9708684637891089e-002
 -1.8334735857464499e-001
  2.2889061850601589e-001
 -1.6962061206230689e-001
  1.2870208448653497e-001
 -1.0111614125776983e-001
  4.2658992530181059e-002
 -3.0683715182763704e-002
  4.8923744858652647e-002
 -5.7380521692631602e-002
  5.4124588059110057e-003
 -7.0286839319802343e-003
  3.2909997512759852e-002
 -6.8004757537698845e-003
 -6.7929105185315419e-002
  7.0356108042704008e-002
 -4.8803699445145898e-002
  4.9639831438299295e-002
 -5.9976982399252657e-002
  1.2542809950822525e-001
 -1.5515501241584689e-001
  1.2696189514593934e-001
 -8.7122440151838607e-002
  8.9430707886350921e-002
 -9.8806559863219900e-002
  9.8659616922372725e-002
 -1.2636823174201678e-001
  1.1980110517144107e-001
 -4.6417665278412443e-002
  4.8142266725883877e-002
 -3.6203573660079549e-002
  1.3705554807834314e-001
 -1.6660299388211050e-001
  1.1408067238545407e-001
 -6.7925830932610620e-002
  1.4799080313315128e-002
 -7.9837070557311242e-003
  4.5084747813564412e-002
 -1.4283525696529178e-001
  2.0595670188758849e-001
 -3.4389417667538330e-001
  3.0752441817304416e-001
 -1.6187317534486306e-001
  7.9589967741165016e-002
 -7.5717785898280779e-002
  1.0371552394231040e-001
 -8.0925806520315682e-002
  6.7455877615822210e-002
 -3.9620424311482730e-002
  4.0481553471813890e-002
  3.0647802172213835e-002
 -2.9693371466558219e-002
  2.0421552906742285e-001
 -1.9793626552066246e-001
  2.3241312404714534e-001
 -2.6044962554471623e-001
  2.3869572456263496e-001
 -2.0917565244585387e-001
  1.7013018634981666e-001
 -1.5538575330209811e-001
  8.5841230699982451e-002
  1.8602503518844505e-002
  7.8113196055900431e-003
 -1.0177796564610228e-002
  2.0241845271792177e-002
  2.1207947350187800e-002
 -9.0512435038812475e-004
 -2.9739585465433482e-002
 -7.7832200592906700e-002
  9.3132891416954702e-002
 -1.4617123070650967e-001
  1.1421359969090328e-001
  1.0468752685840949e-001
 -2.1229275460132005e-001
  1.5114180703445959e-001
 -1.0306456828972721e-001
 -2.0285211866214958e-002
  1.7342364900254720e-002
  7.8124393401602594e-003
  1.2577639235492270e-003
  3.8624556911303572e-002
 -1.3274671048072037e-001
  2.1777244821531117e-001
 -1.8177477714608134e-001
  2.4309506082582508e-001
 -2.6204098047745328e-001
  1.9621932124387434e-001
 -2.0311930692948948e-001
  1.7690987444616485e-001
 -2.4088671099159736e-001
  2.5278085637873132e-001
 -2.3421273485549077e-001
  1.7850164637384788e-001
 -1.2741168241668249e-001
  1.2297556557760969e-001
 -1.8317140676682089e-001
  1.9060844110737563e-001
 -1.5296740036097586e-001
  8.4991545688454212e-002
 -6.0394397900774527e-002
 -1.9849030116134050e-002
  5.4814749491281844e-002
 -1.0691928154156562e-001
  1.0121249490016331e-001
 -1.3759719854950203e-001
  1.2568434205693352e-001
 -1.7309006578359984e-001
  1.4533896163868365e-001
 -5.6253445820278671e-002
  4.0362230881342061e-002
 -7.8870435195783992e-003
 -1.9453099457489131e-002
  8.4220818878261813e-002
 -4.6203210145999124e-002
  8.2982055425926599e-002
 -9.0097626503720024e-002
  1.1674877769552444e-001
 -3.9747542243106747e-002
 -5.2890642705120065e-003
 -1.3764056813069752e-002
  7.1789296794354349e-002
 -5.6375296093372579e-002
  5.4162960207164539e-002
 -1.0116955455009864e-001
  8.7969056074491320e-002
 -2.1115955298824301e-002
 -2.6521550335652195e-002
  5.4451149432063035e-002
 -4.9942949085905942e-002
  8.0178142321582810e-002
 -1.3615939290820442e-001
  1.8373554769617112e-001
 -1.5276274037408524e-001
  1.2147171868719103e-001
 -8.1815467080940424e-002
  7.0563553824998428e-003
  1.6286144283497738e-002
 -4.9922737291470509e-002
  7.7600855520110229e-002
 -9.6604207917943954e-002
  1.5051640368546620e-001
 -1.3256836083452070e-001
  1.1146050080701400e-001
 -1.2466962283656036e-001
  1.7290315716820043e-001
 -1.0655749443174820e-001
  6.4152468556035638e-002
 -2.0262812410060740e-002
  1.0880807781305907e-001
 -1.2695730688835793e-001
  9.1885463782580279e-002
 -8.3170772634834633e-002
  1.4853284553886001e-001
 -1.3819138627935745e-001
  1.2537057132686769e-001
 -7.9762815947927390e-002
  7.0141891486249344e-002
 -1.4600701829173124e-001
  7.8362406411526878e-002
 -5.5829182627923149e-002
  5.4446793262559717e-002
 -6.2188459679284103e-002
  1.6967204962253166e-002
 -7.4651130252001555e-002
  9.4771901890959520e-002
  3.1067526098088920e-002
 -6.8470303401622024e-002
  5.9644002088550356e-003
  1.2870687055040233e-002
 -2.5961244622759325e-002
  4.3360460421561678e-002
  1.6985057872914180e-002
 -2.8803375111016532e-002
  5.2075970784072681e-002
 -6.0785897061171011e-002
  3.0217445021360194e-002
 -5.2070742724815142e-002
  1.2266721762692709e-001
 -8.2877364356019514e-002
  2.0871522121691771e-002
 -5.4824777230661169e-002
  1.3932739691734955e-001
 -2.1221240985141218e-001
  1.9128231836016163e-001
 -1.6898450489608671e-001
  1.6526962528860681e-001
 -9.4573681966281478e-002
  8.2599613623082616e-002
 -1.1391547039918033e-001
  1.4130558815093380e-001
 -1.6966068898033124e-001
  1.4712372904585211e-001
 -4.6786156666551504e-002
  3.0465525844219458e-002
 -7.2262843135702595e-002
  9.9935718619161840e-002
 -6.3141553211436816e-002
 -5.7119706760510001e-003
  2.2158408545843982e-002
  1.7854326300751702e-002
  2.5405060543079231e-002
 -5.0857113355749876e-002
  9.3734537044391733e-002
 -2.3851474125919866e-002
 -1.2488208471357919e-001
  1.1092740430209480e-001
 -9.8294658016208139e-002
  1.5433248891012845e-002
 -4.5444458240036525e-002
 -2.9179609049445258e-003
  2.5410467106110515e-002
 -6.1601957288718673e-002
  3.3999964558110191e-002
 -2.2057509304065786e-002
  1.3079369868358481e-001
 -8.8413445280431102e-002
  4.9214486904207391e-002
  9.0357275416676295e-003
  2.4996008884535015e-002
 -1.7373286277609479e-002
 -4.3745277742325381e-002
  1.7391023451705251e-001
 -2.1785525531060562e-001
  2.1162395232300774e-001
 -1.5467020773769685e-001
  1.3141639035696423e-001
 -1.4276967357943729e-001
  1.3651865278320499e-001
 -9.1111059179496093e-002
  1.8597348073125394e-002
  8.5994696697013016e-003
  3.2855385124153677e-003
 -3.2779492650756657e-002
 -6.2111805198214673e-003
  3.8780658695375179e-003
  1.5666271047432886e-002
 -8.1324531319291252e-002
  4.5479981281222583e-002
 -7.8639160940995545e-002
  1.3661353399078666e-001
 -1.1755881948166727e-001
  1.2995414927919022e-001
 -5.4743488470961145e-002
 -3.9935383575674874e-002
  4.5318612896868365e-002
  3.7406754841182461e-003
 -4.0012903831795184e-002
  1.6021948574513309e-001
 -2.1266401445610275e-001
  7.4210707588656860e-002
 -4.0008679596747379e-002
  1.4938183882862124e-001
 -9.3406702656852567e-002
  3.1662270740947185e-002
  1.0500614209627150e-001
 -1.1253101269617086e-001
  1.2604602024668590e-001
 -1.0214736202914586e-001
  1.3946882649931705e-001
 -1.4313674461286369e-001
  7.9776027008873068e-002
 -5.1374582328031160e-002
 -6.9611136150190510e-003
  3.4240393434937774e-002
 -5.4407322931670664e-003
 -3.6398970259590727e-002
 -5.2930738690333219e-002
  2.3173016299462693e-001
 -2.9270319093035374e-001
  2.3211811766450566e-001
 -2.5542242803539239e-001
  2.9387806127932709e-001
 -3.7675908926927454e-001
  3.9188042895021602e-001
 -3.1750276340896966e-001
  3.0519736986728513e-001
 -2.6100079325385489e-001
  2.4133628300572035e-001
 -1.8102427566176599e-001
  1.4191886667295336e-001
 -1.2510297953877009e-001
  9.6416846169676093e-002
 -1.4233083849166994e-001
  1.6344716012770560e-001
 -1.8244485512854147e-001
  1.2105595156446716e-001
 -1.0840411431581576e-001
  1.0407900496587479e-001
 -4.9597099215143735e-002
  1.1246444254198587e-002
  1.4219666101749680e-002
 -4.4725552326879338e-002
  3.4544332277430506e-002
 -1.2774492110374361e-002
 -7.9106375993820921e-002
  9.5267951148374108e-002
 -8.3655370139756768e-002
  1.9547879801624859e-001
 -1.9768204525270572e-001
  1.6919377656683196e-001
 -1.5452383821989671e-001
  8.6683182159605132e-002
 -7.3956837573885909e-002
  5.2730045163162535e-002
 -1.0745306033697538e-001
  3.0375139488886337e-002
 -1.1564483677862678e-001
  1.8096047685618522e-001
 -1.9454435522131916e-001
  1.4008582934774902e-001
 -1.5392669008047640e-002
  1.0828060006016337e-002
 -2.8010231031161018e-002
  5.5668870380205134e-002
 -4.9089032260124899e-002
  6.8241293065889511e-002
 -7.1613995904201366e-002
  2.5830055377257480e-002
 -9.9276205498697169e-004
  3.5155496200921316e-002
  3.9805905762871616e-002
 -6.6013591606434774e-002
  8.1152665228114165e-002
 -9.7360344709257959e-002
  2.3248842814945516e-002
  3.0464198335651803e-002
 -8.8608228667003297e-002
  1.0354748759334202e-001
 -2.2043795504573045e-002
 -1.3328881918424348e-002
  3.3315385359550795e-002
 -3.1782343169269998e-002
  2.4888533887602930e-002
 -3.7074945302145709e-002
  1.0644334770351234e-001
 -1.4539905541194509e-001
  1.2130406182521458e-001
 -1.0122191335589097e-001
  9.0221925510470535e-002
 -1.5854627245479594e-004
  2.6832312629254475e-002
 -9.8055410002051230e-002
  4.8729157887827758e-002
 -2.8152422580225704e-002
 -3.0959486353731379e-002
  3.4329036522156270e-002
 -6.1492212118497140e-002
  8.7042308717883571e-002
 -1.5268824056830704e-001
  1.0524154850379298e-001
 -1.0192065783143960e-001
  1.9317868941022272e-002
  7.8785519290707571e-003
 -3.9143406519383823e-003
 -5.0887589476053874e-002
 -3.2960760156229882e-002
  5.5163719077017517e-002
 -2.4423309844049786e-002
 -1.9596119206132630e-002
  6.6323843476133224e-002
 -9.3210734369635534e-002
  1.0639750981894666e-001
 -6.0183421926094112e-002
 -4.0166998547949140e-002
  1.4508702423747602e-001
 -1.5262041665824216e-001
  1.7114666185501046e-001
 -1.5317914723916820e-001
  1.3175648185508010e-001
 -1.5439866298965685e-001
  1.8800823054825752e-001
 -1.7147058141667801e-001
  1.3612405916825379e-001
 -1.0834319868753953e-001
 -3.5554707122802936e-003
  1.0265649465071568e-001
 -1.3091763187501451e-001
  1.9605529582016409e-001
 -1.9425693807152361e-001
  1.9639701350707933e-001
 -1.0923723347771004e-001
  1.7596393284525419e-002
 -3.2546353012395578e-002
 -5.0216704861393924e-003
  2.1263460026924939e-002
  6.2079674357558880e-002
 -9.6483122868895710e-002
  5.6997917069869015e-002
  4.0567434391837645e-002
 -1.2512504626949394e-001
  1.9885013170488133e-001
 -1.6178951766072028e-001
  1.6882351197491841e-001
 -2.2373592550832674e-001
  2.2285505838509792e-001
 -2.1580608155564723e-001
  2.1113533664947651e-001
 -8.0062780986443108e-002
  2.3883661689446910e-002
  3.9461562101766587e-002
 -1.3821862672063712e-001
  1.1160556104706741e-001
 -3.1652935228184353e-002
 -6.7151201491522206e-002
  1.0943142998776650e-001
 -9.9080385571120810e-002
  6.8534767232932961e-002
 -1.0414588589307114e-001
  1.6445692621384292e-001
 -2.5727085925497989e-001
  3.3681628982198247e-001
 -2.8925304668705309e-001
  1.4884134340018504e-001
 -6.1240770142672991e-002
  6.4326027426753321e-002
 -5.3084028393425887e-002
  4.5747976944823243e-002
 -9.6174554201146054e-002
  1.0700465523036969e-001
 -9.8696120067321411e-002
 -5.1294074271807421e-003
  1.2603183527404066e-001
 -7.8814487142882181e-002
  2.9487412180039450e-002
  6.7730585278843536e-003
 -6.1109827553213890e-002
  1.2502857997445557e-001
 -5.7193778964206438e-002
  5.5509646035898377e-002
 -5.5858218206609078e-002
  9.7650749563176278e-002
 -1.0679248784433017e-001
  1.6324581237495639e-001
 -1.2046854120155207e-001
  1.0794134165451036e-001
 -6.0000164789027484e-002
 -7.1529791464985532e-002
  1.3460552637903755e-001
 -1.5757424235562839e-001
  1.4651862487394521e-001
 -1.4883241417580056e-001
  2.3886758893878618e-001
 -2.7253565384788581e-001
  2.2581307355862110e-001
 -1.8442390093872457e-001
  8.5826949350010770e-002
 -1.0070590407462483e-002
  4.6701573996671318e-002
  2.2973687722434469e-003
  2.2576507696854767e-002
 -1.0263902545009651e-001
  1.4470063675014261e-001
 -1.6867561213808710e-001
  1.9640954357626086e-001
 -2.5043231494050178e-001
  3.0306648746857257e-001
 -2.4826542520198780e-001
  1.4946581836320788e-001
 -8.2292376100839795e-002
  3.1344207790241940e-002
 -3.8814248662859520e-002
 -9.0096337011407374e-002
  1.0003596550169069e-001
 -7.1836360277140868e-002
  6.2795862845218403e-002
 -2.7283652785797856e-002
  5.8449268289885892e-002
 -1.7239019972029344e-002
  4.3540961875352654e-002
 -1.9714820746170640e-002
  2.5247870859836995e-002
 -6.4910140977988515e-002
  7.8023564257066191e-002
 -8.5393780248671832e-003
 -6.1130586995200513e-002
  1.0085058345900487e-001
 -1.3697684961166823e-001
  2.1119029395116623e-001
 -2.4604614410780895e-001
  2.6258322339584211e-001
 -1.9562703673159906e-001
  2.0655189484307368e-001
 -2.3516965181151475e-001
  1.9361716862931830e-001
 -1.8897463945613158e-001
  6.6468467622478072e-002
  5.3156002085294148e-004
  1.3921727087996633e-002
 -1.0185686126908478e-002
 -6.3757570121363891e-002
  2.2390125483543008e-002
  1.2111481443599470e-002
 -5.8828691550153446e-002
  9.5229529903009300e-002
 -1.6350465716881765e-001
  1.9193646522339858e-001
 -1.9645681094265474e-001
  2.1101072898462889e-001
 -2.3695143715406225e-001
  1.2466185862543269e-001
 -2.6148722521779230e-002
 -3.5299263503107713e-002
  4.5283806105203335e-002
 -3.9767631676222472e-002
  4.0347616559513362e-002
 -3.6180529527652661e-002
 -1.2193255008474086e-002
 -3.6980839147559281e-003
 -6.0278591098310054e-002
  1.2630165616944203e-001
 -2.9170697739326908e-002
 -1.3755552513875446e-002
  6.0814598323613973e-002
 -5.8742989659483290e-002
 -4.2121157702713435e-002
  2.5494931459680445e-002
 -3.3950191622007346e-002
  3.6585405772747395e-002
 -3.8557262273031519e-003
 -1.2105597563608204e-002
 -5.0323024946571086e-002
  2.4901669821375899e-002
  3.1329713823056209e-002
 -2.6585013868424396e-002
  6.6262769705550492e-002
  4.3072049102383499e-002
 -4.8228004612934090e-002
 -6.8966444370547652e-003
 -1.9037710949373298e-002
 -1.9171370135480273e-002
  4.4948903662398711e-002
 -3.5005898553156077e-002
  3.4770895149842181e-003
  5.8849962576611042e-002
  1.7123586321584779e-002
  4.1503131381407871e-003
  1.2435100793600128e-002
  6.0030545982947808e-003
  1.6853806120253785e-002
 -2.8599596956380313e-002
  9.8009423050262043e-002
 -9.9168130289913906e-002
  5.5315691308980258e-002
  3.0469086535866188e-002
 -2.0792023295544131e-002
  3.4050203823371303e-002
  5.6598740828823060e-002
 -1.0962637948094367e-001
  9.4494223772584221e-002
  1.7302354517993987e-002
 -2.7956754671778543e-002
  9.9838513495047396e-003
  3.3885392324207175e-002
 -4.8444348965396768e-002
  7.7913687868490733e-002
 -6.2480924444678891e-002
  8.2669923757243052e-002
 -7.1899101956568803e-002
  1.0125660839703210e-001
 -8.4539330020225817e-002
  3.8018068386853836e-002
  2.8242213362096674e-002
 -7.4285873709408312e-002
  6.3049752314669930e-002
 -5.4776045218678474e-002
  5.3753149665384317e-002
 -1.1711379477256393e-002
  4.8765484411537961e-002
 -4.9459332805150941e-002
  7.3959846708383001e-002
 -3.7527154458394045e-002
 -1.6504162673602361e-002
 -6.8006039180158479e-003
 -3.3321161957880846e-002
  3.0469451159224736e-002
 -9.1876022985122804e-002
  7.0679434430945057e-002
 -1.2942702907472375e-001
  1.6537257977209560e-001
 -1.8299456284636581e-001
  1.1834984023207779e-001
 -7.1521749272265581e-002
  2.3009476679279755e-002
 -5.9975225190572162e-002
  4.8757319988919343e-002
 -6.1577301552073749e-002
  6.9274777619503153e-002
  3.8427964115606845e-002
 -1.9288369553278752e-002
  5.4007387790201693e-002
 -1.1271461160383557e-002
 -4.3090868965916865e-002
  8.2387220692203195e-002
 -7.9727686098486350e-002
 -6.2442661086762219e-002
  1.1943979712449057e-001
 -9.3296345482595092e-002
  6.5991869442092455e-002
  1.9677844417666155e-002
 -1.3443761046009851e-002
  4.6130165072102658e-002
 -1.3296094644356493e-001
  1.0918780190569820e-001
 -1.5825907734120581e-001
  3.8300180656320577e-003
  5.1664893371343633e-002
 -1.2095660156607677e-001
  5.1430745854732715e-002
 -3.7297808212561658e-002
 -4.7147913089829402e-003
  6.2214472713076008e-002
 -9.6754675263742498e-002
  3.9348173174259100e-002
  6.2388435900810779e-002
 -7.5144400916096837e-002
  1.2987661258937630e-001
 -1.3514917446115693e-001
  1.2423226747375853e-001
 -1.4460762323454257e-001
  3.6089716271783388e-002
  4.1114916771272603e-002
 -1.2284824450452475e-001
  1.7390398733548335e-001
 -1.2240297901786219e-001
  5.9768267016594975e-002
 -3.2116120388978313e-002
 -2.0449719665831916e-003
  7.0141205752393868e-002
 -7.9674970245595694e-002
  2.9103478085893569e-002
 -3.1604344216871590e-002
 -4.3756936226376351e-002
  5.2840417358110951e-002
 -6.7896953983717853e-002
  2.9703545924742263e-002
 -1.0838758138970133e-002
 -3.5274631577602675e-002
  5.9340771687719687e-002
 -3.6610519907853800e-002
  1.3170499597818985e-001
 -1.1953627456421392e-001
  7.6209971371725346e-002
 -8.8012743230472951e-002
  4.2877212484247973e-002
  4.8403496208690167e-002
 -9.0913043240524752e-002
  9.8830155025593266e-002
 -6.6282237371599245e-002
  1.0769437190991064e-001
 -1.1760588076713525e-001
  7.0722173154468576e-002
 -7.8065258079080060e-002
  3.2863196502270986e-002
  8.9670955213191850e-002
 -1.4851320927458600e-001
  1.1136518624662606e-001
 -5.1646354272394328e-002
 -7.4693500812608837e-002
  1.2660302649243851e-001
 -9.7763966364441277e-002
  3.4807359769225860e-002
  8.7640172884135725e-002
 -1.3867444233336221e-001
  1.3965524222800405e-001
 -1.6966418807206518e-001
  1.7803070104035595e-001
 -1.7028875103472235e-001
  1.3802206914312490e-001
 -7.8554324041924029e-002
 -3.6735259418347953e-002
  8.1620521507906205e-002
 -3.7315447927161016e-002
  7.6738147482967228e-002
 -8.5423932647877482e-002
  6.0995705119071455e-003
  4.8078369420210543e-002
 -5.1802045381927758e-002
  5.0835105812145037e-002
 -6.5526306809061172e-002
 -2.1662290161383792e-003
  2.0851528577099779e-002
 -1.0353826084623567e-001
  1.0319634836312344e-001
 -8.5622935603421130e-002
  6.2237141402455218e-002
 -9.0313630995120492e-002
  9.0704839661466863e-002
 -7.7105265627586572e-002
  4.6998221605776429e-002
 -1.4561566975063883e-001
  1.6488232434705044e-001
 -5.1211548931972030e-002
 -5.6063065235579919e-002
  7.0593869792531017e-002
 -1.2545848875832527e-001
  1.8757036517213263e-001
 -1.8195465063774627e-001
  1.2490952861270577e-001
 -4.8385228300380313e-002
 -3.1297904777513645e-002
  4.0325564552636174e-002
 -4.7689979633674592e-002
  9.6598330632812243e-002
 -1.0895635474071867e-001
  9.6388787378268448e-002
 -5.5140819910487235e-002
  1.2341225358771984e-001
 -1.6640962889553076e-001
  1.8971714626945249e-001
 -2.4743769075174987e-001
  2.6348497752433503e-001
 -2.7137590241789589e-001
  2.3941889785558002e-001
 -1.3770587591051781e-001
  1.2316662332935269e-001
 -9.4709717702033999e-002
  9.1405030134486601e-002
 -9.0990820749092094e-002
  1.7017459857585582e-001
 -1.5198212414572726e-001
  1.0242137132139295e-001
 -5.2059566634711694e-002
  4.9845841759048611e-002
 -3.0455660138057855e-003
 -4.0349960766421196e-003
  3.0883981788501689e-002
 -3.0432795890364081e-004
 -4.3606983975198362e-002
  3.2038534246038294e-002
  3.8804740758129383e-002
 -5.6597786554631928e-002
  9.1243173170878530e-002
 -1.8419865489022391e-001
  2.5015442283517597e-001
 -2.9473547814118894e-001
  2.3929695827604880e-001
 -1.0990922087594837e-001
  6.6999793574499061e-002
 -7.0577680084158399e-003
 -2.0989761547938877e-002
  7.4451543023207375e-002
 -6.6561577364592339e-002
  9.3272830466835488e-002
 -1.6236213228235941e-001
  7.6464188937222108e-002
 -1.0837004581705669e-002
 -9.9590372969672686e-002
  8.9066970997766101e-002
 -1.3240023164232484e-001
  1.6061323473244168e-001
 -1.4938253654281355e-001
  1.4787216012531162e-001
 -1.2113043892629523e-001
  1.0735310516215064e-001
 -1.0485674773855186e-001
  7.6192023488625776e-002
 -2.7739408665552183e-002
  4.5508976310167412e-002
 -7.9512516358880250e-002
  6.3248905841184574e-002
  1.0969891047587794e-002
 -2.5356885394902624e-002
  7.2097767197164958e-002
 -4.4802499113121987e-002
 -7.9959674441049663e-002
  4.9852272403129116e-002
 -1.4705432917878165e-002
  3.7002182511094661e-002
 -5.5280705186794572e-002
  1.2180624614712346e-002
  2.3786957817075939e-002
  1.8708577464652241e-002
 -2.3723249690919820e-002
 -8.8884665089713336e-002
  1.2474539862944267e-001
 -1.3844256820625847e-001
  2.2513056574377932e-001
 -2.5370848214463770e-001
  2.0471823213722729e-001
 -1.7952350623238586e-001
  1.3313643392517852e-001
 -4.6692108910302288e-002
 -8.1445322138786365e-003
  5.2049573088762797e-002
  2.1367475480452050e-002
 -2.3116008145026439e-002
  1.0643706494168907e-001
 -1.5541417132376611e-001
  1.1832634553071097e-001
 -7.9733753145781239e-002
  5.7483128595662340e-002
 -8.4349518029017301e-002
  5.0941264391205346e-002
  1.0141045199893245e-001
 -1.0474537478332396e-001
  6.1758668006749909e-002
 -1.1463490650595361e-001
  1.0141031596358031e-001
 -5.7858655990802067e-002
 -6.7391310318161882e-002
  1.3906451544908982e-001
 -6.4375014196154004e-002
  6.9388431155320311e-003
  7.3228774991790591e-002
 -9.1514799391472779e-002
  7.8870098726107729e-002
 -1.4008834854219226e-001
  9.8717337432599805e-002
 -5.3023900004431780e-002
  7.5677139521209483e-002
 -7.9177951242386038e-002
  1.4091557125314319e-001
 -1.3711430327210433e-001
  1.3575104058995333e-001
 -1.9524949293571137e-001
  1.2761046707039553e-001
 -5.6829361233957675e-002
  4.8319876018024954e-002
 -5.2012361230880369e-003
 -1.5406130918717068e-002
 -3.3987117662721361e-002
  7.3963841804915900e-002
 -8.0706115110526611e-002
  8.6162353612471931e-002
 -1.4596832633380272e-002
 -2.0308011786670428e-002
  5.4690087633602620e-002
 -1.0045548291466451e-001
  6.7506312612624103e-002
  5.7034533887715899e-002
 -2.1604572105647019e-001
  1.9286123306552125e-001
 -1.5068438753837793e-001
  1.3870336446126522e-001
 -9.9564796007398759e-002
 -1.8799986043052129e-002
  2.0028237974404581e-001
 -2.6456868399948746e-001
  3.2022123902724975e-001
 -2.9597752583036330e-001
  2.9811303557004470e-001
 -3.5061999090049545e-001
  2.7111508547528285e-001
 -2.8876024653435806e-001
  2.5301893832304068e-001
 -2.6186675429193240e-001
  2.0660428962724553e-001
 -2.0778458776215655e-001
  2.1299989180422002e-001
 -1.1648077471632290e-001
  4.4116073832131654e-002
 -3.8850978157899757e-002
  8.4474999932471095e-002
 -6.1192530401248793e-002
  6.0827968769835192e-002
  3.4259184099037769e-002
 -3.8488054793767976e-002
  6.2972565670440517e-002
 -1.0733927619795745e-001
  1.9374563037755582e-001
 -1.6643122414960967e-001
  1.2172035082686060e-001
 -1.5009263431442241e-001
  3.5756916024586818e-002
  8.7871066327541686e-002
 -7.3529785008557266e-002
  7.2936704802250243e-002
 -7.4298203789826933e-002
  9.1134650583893084e-002
 -8.9742707301788405e-002
  1.4722797135654375e-001
 -1.3807189362279518e-001
  6.9111384478130838e-002
  3.6661051842748690e-003
 -2.6422455072054381e-002
 -1.7880365219719464e-002
 -1.6285899971592299e-002
  3.1034178444460766e-002
  4.6827592195162859e-002
 -3.9364997911577014e-002
  3.2626270384961346e-002
 -5.6880832359092704e-003
  5.6760356389705863e-002
 -1.0107300054093787e-001
  1.8932583445257872e-001
 -1.8631356901116039e-001
  1.3577452263587270e-001
 -1.2511123047845962e-001
  1.0703051286926489e-001
 -7.8107438717908498e-002
  1.0979554275179756e-001
 -9.3761477830547849e-002
  4.0018249450571128e-002
 -2.0735545106072863e-002
 -1.6948839310131358e-002
  4.7366965161338231e-002
 -5.7903201393567701e-002
 -4.3733082785447595e-003
  5.2311648369183131e-002
 -7.0183194303576349e-002
  2.4472085008478729e-002
  7.6551510770801662e-002
 -1.1892659387036547e-001
  1.6248500504471422e-001
 -1.6684153560575954e-001
  2.3174939173393508e-001
 -1.2298649983640389e-001
  1.0655355899642606e-001
 -1.0324368745650382e-001
  7.8675559488067981e-002
 -9.9866098344222470e-002
  8.8687571180604913e-002
 -7.0268629263743804e-002
  3.2650376605927588e-002
 -2.1801090329793028e-002
  9.6416181226146411e-002
 -1.3038673411568166e-001
  2.1479263396477946e-002
  2.0616987509549434e-002
 -9.5368521455744190e-003
  1.6411366450322835e-002
  4.0681641942980518e-002
 -9.0552970221522852e-002
  1.3914629609518572e-001
 -1.2144996615706267e-001
  4.0062503903455539e-002
 -2.1822495700542160e-002
  4.3264444184424419e-002
  2.5109736460997838e-002
 -7.1949804031804440e-002
  1.0309432167637192e-001
 -8.5321455549335679e-002
  9.2284204638189121e-002
 -1.3015201462047921e-001
  1.9772080532996703e-001
 -1.4350098831860225e-001
  1.1478296526791427e-001
 -1.7237558017036761e-001
  1.0782945336386084e-001
 -1.1242740000041704e-001
  3.4709461326397691e-002
  9.9260407777233724e-003
  4.4613135581340523e-002
 -6.7859621556794869e-002
  1.3426827023455992e-001
 -6.9930589882633606e-002
  3.6657929718727195e-002
 -1.0789635221117979e-002
 -2.2677985703513765e-003
 -4.1554010145446324e-002
 -3.0104089290731009e-002
  1.1643205331209665e-001
 -1.4837255455190043e-001
  7.8421375275258234e-002
 -5.0394318867103563e-002
  3.6618466412654108e-002
 -3.1656857256026058e-002
  1.1022094150560794e-002
 -7.5844117530475133e-003
  6.6636769395412646e-003
  8.4663958423837560e-002
 -3.1564156281343042e-002
 -5.7626060016033202e-002
  5.3859270277695284e-002
 -1.7606481817949320e-002
  1.2347356719062102e-002
  6.0862158037956748e-002
 -8.2398806208317854e-002
  5.8057230831152593e-002
  2.1859733484990511e-003
  2.5298591725229518e-002
 -1.2730253542199359e-002
  2.4462002612955298e-002
 -6.9222971827991045e-002
  8.3714816713664916e-002
 -8.5178439994220895e-002
  8.6265815635644505e-002
 -3.9608974569689301e-002
 -6.3404829852478630e-003
  5.9768294671579958e-002
 -9.2459801138641801e-002
  6.4408148951715177e-002
 -5.1351342012084349e-002
  1.1043026124694848e-001
 -4.1846482549564065e-002
  1.2617824393661227e-002
  8.9059722655521090e-002
 -1.4095268584323553e-001
  1.7683509759114652e-001
 -2.1337585742051079e-001
  1.7437085387807805e-001
 -1.3076184087514309e-001
  5.1627805003458968e-002
 -9.5806167221744835e-003
  3.2048990863990774e-002
 -1.3687188370542827e-001
  1.2779993733443282e-001
 -9.0314033781146288e-002
  6.7723274651902449e-002
 -6.3578703515881324e-002
  8.9584141075819607e-002
 -1.8192530667721432e-001
  1.7412860823470205e-001
 -1.6274727923077886e-001
  1.5042868924265071e-001
 -1.9611332996841360e-001
  8.5291706099714815e-002
 -8.2044593789505474e-002
  1.3206376298386793e-001
 -3.3207002203243553e-002
  4.1999442070414776e-002
 -6.9130441420718017e-002
  5.7705038861513354e-002
 -7.7154395689198907e-002
  4.3798505887918185e-002
 -5.3489142489308382e-002
  8.6986793861899933e-002
  6.5698982207512569e-003
 -2.6687309056276882e-002
  1.8618782710999496e-002
 -9.9357692460271471e-003
 -7.3326683134892559e-002
  1.6800077325360402e-001
 -2.6970329984668523e-001
  2.6134148588324951e-001
 -1.9507352549526871e-001
  1.2710073663200977e-001
 -1.3304100319637113e-001
  1.5952285418247852e-001
 -2.8876354006648774e-001
  2.4218832541962163e-001
 -1.4728620810470519e-001
  1.1006659819548864e-001
 -6.8864407732547775e-002
  1.6294894142578567e-001
 -7.1374434738249698e-002
  1.6680372812195136e-002
 -7.9001085729640385e-004
 -2.4071421129280436e-002
  7.6222582504822348e-002
 -3.7663979720519873e-002
  3.0480343540434662e-002
  6.9242199129228590e-002
 -1.2912941046122189e-001
  1.8580729287358236e-001
 -2.1428143489902426e-001
  2.5989655580713283e-001
 -2.4133112498766934e-001
  1.5804724416866700e-001
 -1.8985021999396592e-001
  1.8462736293603224e-001
 -8.6333656574044820e-002
  9.2882825054331000e-003
  4.4089954937714594e-002
 -6.3044598504310399e-003
 -2.1675085174641791e-002
 -3.8157165598496412e-002
  1.4716706456846493e-001
 -1.1535517643852591e-001
  6.9689100380416924e-002
 -5.5229765679918906e-002
  2.4855385366012839e-002
 -3.2650260050207790e-002
  1.2159504629219706e-002
  1.3389243107910585e-002
 -3.4107712326842718e-002
  3.1492021732380970e-002
  3.5413358786371321e-002
 -3.2764897786770768e-002
  3.0671738722452681e-002
 -1.0786451047715299e-002
  2.8012428403713822e-002
 -6.6571622869211755e-002
  1.1601650171658373e-001
 -7.4921770112937838e-002
  5.9564106636283672e-003
  4.2918868096438981e-002
 -3.2816346014825144e-002
  6.3775625811433381e-002
 -4.6256690474673200e-002
 -4.4562491758720008e-003
  4.4510936345845763e-002
 -4.8489587432374484e-002
  6.3759392044408447e-002
 -1.0048299864803165e-001
  1.1981221060241408e-001
 -1.4972084209111600e-001
  1.0610390807459656e-001
 -9.3251379238371273e-003
  8.6697315745713297e-003
 -7.0791011840119437e-003
  4.5820968273150098e-003
 -1.4811504492658107e-002
 -6.7202010829804634e-002
  3.4460433781955825e-002
 -6.3665911187594251e-002
  7.3145654099958718e-003
 -3.8698934715588044e-002
  7.6645840429552262e-002
 -1.2566482804012077e-001
  1.4296342487082134e-001
 -1.1868753405032648e-001
 -2.2857085859452869e-002
  1.0200165813452149e-001
 -7.3191066420132428e-002
  1.0071208409666009e-001
 -8.0579735185696444e-002
  9.8316367010694364e-002
 -6.6202228734358631e-002
  4.5283692148308637e-002
  2.9761703613527455e-002
 -1.9843019419642890e-002
  2.6488983081947821e-002
  8.9705924320854019e-004
 -9.2267255885626329e-002
  2.0140327868420888e-001
 -2.1989393605875276e-001
  1.7979877437562261e-001
 -4.1872589806883437e-002
 -4.6148621259214935e-002
  1.0207490048876304e-001
 -4.4536037074109211e-003
 -7.8257319006856604e-002
  1.1478241739284155e-001
 -8.1140032404235229e-002
  4.0275060916013398e-002
 -1.0830101422319928e-003
  1.5451486692493169e-003
 -1.7753138298499345e-002
  8.9068760549645650e-004
 -1.5165090522493933e-002
 -2.4730970312840994e-002
 -4.9972929201425799e-002
  2.9455561395114363e-002
 -1.8400986887960501e-002
 -3.2105648855030541e-003
  5.7231824919320592e-002
 -1.4005741204210218e-001
  8.0085645325592814e-002
 -1.1177399656280590e-001
  1.0158300647503779e-001
 -1.0488985618891747e-001
  4.5542509057327887e-002
  5.5631673977622684e-002
 -1.3037696635356280e-001
  1.1551015322292499e-001
 -5.5905527432135574e-002
  6.0867750112371263e-002
 -1.0616251488292065e-001
  7.6426092566302603e-002
  2.0504883629774241e-002
  3.6015390801310693e-003
 -9.6847580941617689e-002
  1.6868905497363773e-001
 -1.7676972592360496e-001
  2.3358754297646375e-001
 -2.4219535785900331e-001
  1.5539742706372092e-001
 -1.0205216443396532e-001
  5.2505371113182972e-002
 -2.1495613863114865e-002
 -4.9047286366168830e-003
  1.1383055502819300e-002
 -4.5384697824356675e-002
  1.2486761539643647e-001
 -1.4037539441847932e-001
  1.5190464666592504e-001
 -8.4064045031241943e-002
  2.0792868671174740e-002
  4.8637440819706773e-003
  6.0786044244779514e-002
 -1.1902731848978775e-001
  1.3127306296537281e-001
 -4.9086109069237417e-002
 -1.9080949053370055e-002
  1.2432937061171136e-001
 -1.3399507434720581e-001
  3.9967064041592795e-002
  8.7778939960911600e-004
  2.5056481717359521e-002
  9.1452097290302004e-003
  1.3429233709301384e-003
  3.8918041628643520e-002
  9.1105256111452722e-004
  4.2805284219319978e-002
 -6.3382000709428149e-002
  1.4072228151888141e-001
 -2.0109267487149368e-001
  1.6611992876971471e-001
 -1.0579107430117811e-001
  1.0653030148587535e-001
 -9.0854000586271355e-002
 -3.6207415037642868e-002
  2.2513214031594422e-002
  1.0559670158920939e-002
 -3.7948254919383376e-002
  1.1941666344575934e-001
 -1.5811157504651821e-001
  1.8989693009725347e-001
 -1.4916026976377000e-001
  1.4725562141002047e-001
 -1.2785718707296734e-001
  1.0399905535364216e-001
 -6.2824423405121635e-002
  4.8416715202807138e-002
 -4.6217251221267963e-002
 -9.0395748984125768e-003
  5.5756840564503841e-002
 -1.4944226459626506e-001
  1.5897387551000566e-001
 -1.6620770971857557e-001
  1.7961657369273534e-001
 -1.1687205134387435e-001
 -5.5221200667191018e-003
  6.6163457298405878e-002
 -1.3166889771506612e-001
  1.9555550491763501e-001
 -2.7984523080094315e-001
  2.3828725635415618e-001
 -2.4711843862060592e-001
  1.7458141075705225e-001
 -1.0307885383111914e-001
  7.8720781173529319e-002
  2.2786194605921815e-002
 -1.1007437712890636e-002
  2.5547391912033209e-002
 -8.8309890906491106e-003
 -3.8838003687483339e-004
 -4.7965261387834329e-002
  2.8621012472850961e-002
 -4.6299401594171723e-002
  8.2752597548824497e-002
 -8.5252498226399798e-002
  3.4102150702153861e-002
  7.5758429971235899e-002
 -6.0052064909725637e-002
 -5.7362486939353190e-002
 -1.0068493253618541e-002
 -2.4208693007073793e-002
  2.3005162728499010e-002
 -3.2760461111588660e-002
 -4.7324509298183833e-002
  1.8099863279369893e-002
 -8.8069088442226332e-003
  4.5437775510732956e-002
  3.5967551460674894e-002
 -2.2198895660748758e-002
  3.3627794662866861e-002
 -1.6677826619161222e-002
  6.6094351795533815e-002
 -9.7042338512858012e-002
  7.6679007692869783e-002
 -1.7198824951218358e-001
  1.6678523010842419e-001
 -9.6093412271580317e-002
  4.6205623920063103e-002
  5.7979807782597287e-002
 -1.6862246402376602e-001
  2.3915947550349367e-001
 -2.6573824963731307e-001
  1.5859680666271425e-001
 -4.5461559843742193e-002
  6.8034346469523291e-002
 -2.7466308997676304e-002
 -2.0264440438466695e-002
 -1.9216100778712622e-002
  9.4564673874301591e-002
 -1.0407117717705228e-001
  1.4774713931088446e-001
 -1.3731258067217278e-001
  9.1789085406115786e-002
 -8.1000448553550222e-002
  6.8858949153103810e-002
 -7.1760260449401203e-002
  1.3762883935859629e-001
 -4.6101828309934048e-002
  8.9474779903730609e-002
 -7.1926130816948847e-002
  5.4262958756077354e-002
 -5.7046853973607835e-002
  3.5545624364185791e-002
 -7.1481397280489271e-003
 -1.5804764988012039e-002
  6.0797955444357923e-003
 -3.4374208892209643e-002
  1.9170509479220336e-002
  2.8360354958018776e-002
 -5.2712241255671664e-002
  2.3564637140900908e-002
  8.9104024664522039e-002
 -1.2132954007869806e-001
  1.3825019969763638e-001
 -9.1379733357076151e-002
  5.3089433032043269e-002
 -2.9060153259678867e-002
 -4.7381546133846930e-002
  4.6311055345006409e-002
  2.6602125614703986e-002
 -1.8376697937492165e-001
  2.1453826367204307e-001
 -2.1374210491001061e-001
  1.0870029631554622e-001
 -1.1156312659781448e-001
  1.1234188893074586e-001
 -7.4325058309192643e-002
 -1.5167825442579582e-002
 -2.3985515532571652e-002
 -5.4218776166718281e-002
  1.7631516210577783e-001
 -1.7924468215500575e-001
  1.7681088349106142e-001
 -1.2185998079655823e-001
  1.2509578161631935e-001
 -1.4973883342181288e-001
  2.1119419507662127e-001
 -1.7123629720812772e-001
  6.5804396113299302e-002
  1.7274352626158826e-002
  6.4612860205560396e-002
 -1.1050472002412709e-001
  1.1706559300507216e-001
 -1.5900650750742037e-001
  1.1946375831580250e-001
 -8.3173527024195421e-002
  6.5430732959281146e-002
 -1.0296054483406181e-001
  4.0247928630361321e-002
 -9.8454724879354014e-002
  1.2789633717027138e-001
 -8.7131551969183124e-002
  6.5723559780102331e-002
 -3.2268437023576006e-002
 -3.7135634770218473e-002
  1.2786545489378034e-002
  1.6744720131822603e-002
  2.4436503880103950e-003
 -8.0348597415000583e-002
  1.6747000090486761e-001
 -1.0077709254676175e-001
  4.9928883470301291e-002
  7.1880246132882790e-003
 -9.5633698045273427e-002
  1.1673286063359438e-001
 -5.1524192800988446e-002
 -3.7802840288428126e-002
  9.2217606385071010e-002
 -8.1478434564355440e-002
  1.6988940705245437e-001
 -1.2601570124306213e-001
  1.2298904152760484e-001
 -8.7997283335870535e-002
  1.2756905766240523e-001
 -1.3418358195599686e-001
  1.4042709334725081e-001
 -1.4653092489495734e-001
  1.4416453365663542e-001
 -1.3298511563974857e-001
  1.2062527146637353e-001
 -1.2675848515662033e-001
  2.3013591231006162e-002
  1.9174099922076082e-002
  5.8506891795751019e-002
 -1.0537797056104316e-001
  8.9626630926248035e-002
 -1.2076364779769986e-002
  5.3143042288233612e-002
 -3.3144043993036623e-002
  3.2520138758715463e-002
  4.5312816375623266e-003
 -5.4434975760995236e-002
 -1.5191020925707026e-002
 -1.5470395084873005e-003
  5.5918911511021713e-002
 -7.9674093038971716e-002
  6.7346593223219273e-002
  3.9324056259736747e-003
 -1.4191708953950156e-002
 -2.1612299166663532e-002
  4.9158459669418952e-002
 -3.2316864812772628e-002
 -3.0116519709881922e-002
 -4.3426407252359099e-002
  1.4826484045337297e-002
  4.5721399349797798e-002
 -8.2147633379616961e-002
  8.0914125914393134e-002
 -2.6269856388867523e-002
 -6.5760704965666772e-002
  6.1750022184598213e-002
 -1.3765558897979202e-001
  1.3718489758596172e-001
 -5.0744225695944084e-002
  2.7513577169059996e-002
 -1.4370739951892388e-002
 -6.6003703869106534e-002
  7.8301829927829830e-002
 -8.8893225515949081e-002
  1.1427130762312111e-001
 -4.7946540988270475e-002
  8.6386596338060589e-002
 -1.4529395718069410e-001
  1.4929616362216072e-001
 -2.1758575986377277e-001
  1.9199943334102845e-001
 -6.8176452195400625e-002
 -2.5683487134960280e-002
  5.2266436519949180e-002
 -3.6182095765599276e-002
  1.0974844343692766e-002
  4.8953179174664341e-003
 -1.2313704596473175e-002
  4.8991379884058335e-002
 -1.1753745756377335e-001
  1.2068154301430976e-001
 -9.4133255668331278e-002
  6.0102593929986991e-003
  1.2794640452511752e-001
 -1.7358579034384092e-001
  1.4777309620047582e-001
 -9.9734584950921260e-002
  3.9409366607638795e-002
  5.3029627121897689e-002
 -5.9861335156291093e-002
  8.1041050847214760e-002
 -6.1436291188453361e-002
  6.3604278749590029e-002
 -1.0048473301679947e-001
  9.5484902803976993e-002
 -1.0421496495957701e-001
  1.0477416412928450e-001
 -8.8011826922231875e-004
 -6.2729598100552009e-002
  8.5184044337942758e-002
 -7.8287722111621355e-002
  6.7372762162736910e-002
  4.4795799126759756e-003
 -9.9736936602949078e-002
  9.3484131003253451e-002
  6.9648681589579925e-003
 -5.9469604838998907e-002
  1.4193912501150801e-002
 -1.0006413244092008e-001
  1.6536293645725017e-001
 -1.2732903296892642e-001
  1.7652264236719292e-001
 -1.6161113753533338e-001
  1.7466127904257953e-001
 -1.9307109207821285e-001
  1.3460402254492321e-001
 -8.7707620085807056e-002
  3.1440517457348327e-002
  4.4811617361059486e-002
 -6.3722710069563482e-002
  1.1676763078117260e-001
 -8.9503959421422016e-002
  5.1303917614485082e-003
 -1.0126119334771012e-001
  1.5169230317389421e-001
 -1.4325225953844645e-001
  9.6769491670457286e-002
 -1.6443959164061855e-001
  1.5289519918826569e-001
 -1.7223560173332636e-001
  2.3110294975284315e-001
 -1.3039141122201919e-001
  1.5289165834570076e-001
 -1.4648344770329280e-001
  1.5327610507815648e-001
 -1.3282467074362983e-001
  1.1418346266607078e-001
 -8.7488129621611677e-002
 -6.1366100519402180e-004
  3.7040320999973605e-002
 -8.1365695222959764e-002
  1.5175797763219143e-001
 -1.5010735358489069e-001
  6.3420054645245680e-002
  8.4805094413102008e-002
 -1.5155766282804559e-001
  1.6155364991421980e-001
 -1.1486636526342212e-001
  1.3932088758274805e-001
 -1.0831847254469980e-001
  7.7804809687104556e-002
  2.1829827339289357e-002
 -8.8050027449294757e-002
  1.2306783844187731e-001
 -1.3778488969234576e-001
  1.5507148673844992e-001
 -1.1246637783453427e-001
  4.2206894571386239e-002
 -8.1544690458079119e-002
  1.2820469862253209e-001
 -1.3981110528849366e-001
  7.5520399428449667e-002
 -5.0592939524400332e-002
  5.3620285988040396e-002
 -2.1474806278380720e-002
  6.1719830647174692e-002
  2.1070537855462059e-002
  8.5734776782334619e-003
 -1.7818516758539914e-002
 -3.9465110334793016e-003
  2.5285292481133155e-002
 -7.3283525889976638e-003
  2.0327551584076928e-002
 -2.6632862478746962e-002
  3.9925745313950052e-002
 -1.0102775431531071e-001
  1.0689155350957601e-001
 -1.3849042206814188e-001
  1.3817572198928857e-001
 -1.0930867292381059e-001
  7.4546425699975202e-002
 -6.1378140448771393e-002
 -2.8938770853178919e-002
  1.7211881254358821e-002
 -5.8270245920118820e-002
  1.5550514671602020e-001
 -1.2864576856754120e-001
  2.8306975657084094e-002
 -1.3372027787598676e-003
 -2.6551399864875883e-002
  4.9172959052628126e-002
 -3.1691756086656087e-002
 -1.2666263635080097e-002
  1.0369707419630535e-001
 -1.6235627477775608e-001
  1.3746034133620549e-001
 -1.2037657580403183e-001
  9.6587751791622767e-002
 -6.3474657767616405e-002
 -3.3987514903439910e-002
  1.3873181278546409e-001
 -1.4822184724776338e-001
  1.0244200927464141e-001
 -4.6333543560524527e-002
  4.5341960315512422e-002
 -5.2054469088375202e-002
  8.0333659627577492e-003
  3.1805232897178702e-002
 -9.0967182784073199e-003
 -3.4062645736597744e-002
  1.2607983790992999e-001
 -4.8414896162662577e-002
  5.0721406094500605e-002
 -8.3729882526606070e-002
  3.5695413295729742e-002
  6.5448541119570200e-002
 -7.2657065904550608e-002
  2.8739076647829494e-002
  4.3420519902158346e-004
 -7.7600697541869323e-002
  6.5781414589292042e-002
 -1.0271144919784410e-001
  6.8922704315106831e-002
 -8.0784468286199576e-002
  3.8019896630600902e-002
 -2.9931939401865854e-002
  6.0799690647405182e-002
 -7.2827164862676055e-002
  5.0733151415793647e-002
 -4.0011182290767014e-002
  5.2829095391174044e-002
 -1.7964680821912781e-002
  3.9791050754726401e-002
  6.6397577057015428e-003
 -3.0823838419899011e-002
  9.4119980500377579e-002
 -8.9510178754534320e-002
  1.4564220179730747e-001
 -1.0134204291107002e-001
  1.0909025539787820e-001
 -5.7630095385344290e-002
  1.1195141762607785e-001
 -4.2333376067903848e-002
  3.6796069719148394e-002
 -2.5203394472785377e-002
  5.9899339101478773e-002
 -2.8595119598140433e-006
  1.2565589014238727e-002
 -5.6671646420531720e-002
  3.2771553516025717e-002
 -3.6594276715523212e-002
  2.9947648024451136e-002
 -5.9209544688841646e-002
  1.3466528759646981e-001
 -8.7089235448117877e-002
  6.0051928121610462e-002
 -7.7088554995111039e-002
 -5.1500411663262587e-002
  7.5489775485356680e-002
  2.7565398747956145e-003
 -2.4221262174525662e-002
  6.2516023161431303e-002
 -8.3545032493432578e-002
  8.5190477591624431e-002
 -1.5765763239539018e-001
  2.1146333201718448e-001
 -2.8126429292180255e-001
  2.9346757872071155e-001
 -2.4529738271842400e-001
  1.6001910747318454e-001
 -1.0986490085506505e-001
  5.9265525412264951e-002
 -2.5537707585399933e-003
 -2.4549024450443099e-002
 -9.0948580348567953e-003
  6.5308043440686872e-002
 -2.8568867263768512e-002
 -7.5726042443929921e-003
  1.0260432833041541e-001
 -1.5141669775048239e-001
  1.8443935996921534e-001
 -2.7257636826857775e-002
 -4.9639856023403775e-002
  4.9101838140248065e-002
 -8.9711757103389675e-002
  5.1990251070288727e-002
  2.6736106003602593e-002
 -5.0830001319858965e-002
  8.0368567827803244e-002
 -1.4992733525683494e-001
  1.2378949742175527e-001
 -1.2046482751491287e-001
  1.6706132409186106e-001
 -2.4030810816275516e-001
  2.5075074513797818e-001
 -2.0796463849523505e-001
  8.1997717202984446e-002
  4.7615482050174856e-003
 -3.0639754030985067e-002
  3.2613663851403692e-002
  1.6289334903579065e-002
 -5.7806143634317249e-002
  7.2082851289461375e-002
  2.8849445328241345e-002
 -6.5385648831191190e-002
  1.8833796783359369e-001
 -2.0195092403060574e-001
  2.6502149771364980e-001
 -2.5011801119043359e-001
  2.3220357252921917e-001
 -2.5851840610217502e-001
  1.8567140107155286e-001
 -1.3423310389876192e-001
  1.3779480328907981e-001
 -1.2229334948132446e-001
  8.4016762622626154e-002
 -1.6629634962452493e-002
 -1.9760758215443847e-002
  3.0519435139869273e-002
 -3.0460505895549923e-003
  4.2001142877721713e-002
  1.7858951145838290e-003
 -7.4376268071581306e-002
  5.9440585024361212e-002
 -7.6549685685015842e-002
  9.6211137572642519e-002
 -1.1280382940330409e-001
  8.8768398230524154e-002
 -8.8789341154324065e-003
 -6.5131415314458499e-002
  1.4604171064609758e-001
 -1.5219359531310458e-001
  1.2651896310168148e-001
 -4.9603541895847716e-002
 -4.6975769839570851e-002
  3.8412588958536026e-002
  1.1638756327751418e-002
 -7.2234749247962818e-002
  5.7673238264215415e-002
  4.8213356155106017e-002
 -7.3976540721601439e-002
  8.9497289797840177e-002
 -4.4091146525936396e-002
  2.7022272336501084e-002
  6.5543657937307875e-002
 -1.4459846438403920e-001
  1.8181701637751832e-001
 -9.3736594629720782e-002
  3.2448523124481841e-002
  4.0623165196216206e-002
 -8.6852618167436141e-002
  5.3556229774782702e-003
 -2.5209910646900816e-003
 -3.1082685954620777e-002
  4.9018900615902007e-002
 -3.7965606375239290e-002
  1.7216067218508727e-001
 -2.3570889732969313e-001
  1.6402572459042133e-001
 -1.6192465245365281e-001
  8.6761560346806890e-002
  1.6280973517919836e-002
  1.8031194175104483e-002
 -1.7019864236256451e-002
 -8.8084399233935001e-003
  3.7685761923416023e-003
  6.2869850294829735e-002
 -8.0988524436543127e-002
  1.7120026233813238e-001
 -2.3815234839527913e-001
  2.0734674623742702e-001
 -1.0280433206054625e-001
  9.5433871832399375e-002
 -3.7003906013762952e-002
  8.6090285561546513e-003
  3.7521396695310121e-002
 -8.0770163182613319e-002
  1.0588474402011597e-001
 -2.0109751524953498e-001
  1.6978635345459137e-001
 -7.1599457323005475e-002
  3.9062637617929538e-002
 -5.7211980132049325e-002
 -5.0676486593621534e-002
  6.2751268430509863e-002
 -8.9806571711074257e-002
  1.3056689017378675e-001
 -9.4894752929114756e-002
  3.4440550903905895e-002
 -1.3102416220380142e-002
  3.6517776598123906e-002
  4.5515653976456790e-003
  2.1109042186607779e-002
 -1.0022010300304831e-002
  8.8861016437575113e-003
  3.5123744696610872e-002
 -8.4802699452046881e-002
  4.9729550460694293e-002
 -6.0338127378954651e-002
  1.6507053701156155e-001
 -1.2099317548386877e-001
  1.1882606736213029e-001
 -1.4109284290465729e-001
  1.4253280237065322e-001
 -1.0477536613042215e-001
  9.7281923705188192e-002
 -7.9342009903385760e-002
  1.1225326986511454e-001
 -4.8127360076881801e-002
 -1.2387628385328744e-002
  3.1690422523833472e-002
  1.1266564047855178e-002
 -1.9035015851694773e-002
 -5.0161517019289732e-002
  3.9945573182000642e-002
 -7.8577262540783857e-002
  9.2883413504394885e-002
 -2.2704233905942880e-002
 -4.5621004948799733e-002
  1.2328380196679147e-002
  2.0122165081934550e-003
 -1.6467094679074656e-002
  9.0649506868124008e-002
 -1.0093640224287023e-001
  1.1340754955792057e-001
 -1.8758469026445117e-003
 -6.7274545364606003e-002
  6.9354394182698009e-002
 -1.1106223971602039e-001
  1.9464266906611333e-001
 -1.4243673702302384e-001
  9.4733086052502052e-002
 -4.4974239611447205e-002
  4.9843162570671153e-002
 -5.8453376951450600e-002
  1.4179945107179470e-001
 -1.2427452540145741e-001
  6.5428151431074139e-002
 -3.1382518270017208e-002
  5.6922588471073468e-002
 -4.0088824800762320e-002
 -6.2908314253446399e-003
  5.1286540956753791e-004
  4.5999730023671866e-002
 -1.2212944215780850e-002
  1.1412982685422761e-001
 -1.4093606288600641e-001
  1.5285259279580707e-001
 -1.1249795146273611e-001
  1.1247842433458873e-001
 -1.3776037372953207e-001
  7.8919405378688690e-002
 -4.8976701851098613e-002
  1.3579449986922210e-001
 -9.4960743327476269e-002
  7.1398683349507192e-002
  4.9258387761772057e-004
 -4.3688887092303064e-002
  1.0882382569741103e-002
  1.2687670934635418e-002
 -1.8036365059398811e-002
 -7.5950377714363651e-002
  4.5500599450005036e-002
 -6.0551233879839739e-002
  1.1465995510960687e-001
 -5.8433489795313077e-002
 -2.6082988996313943e-003
  2.9335498758456629e-002
 -3.5951989000350362e-002
  8.3105417686790181e-002
 -6.8226477008825864e-002
  5.5423021364884965e-002
 -1.1110648267645822e-001
  1.1348563199546868e-001
 -1.0644145541500560e-001
  5.9773519556664829e-002
 -8.6996181871643527e-002
  1.7784946635437893e-001
 -2.3224332744970472e-001
  2.4179711828531245e-001
 -1.6774011561126947e-001
  1.2366104459464909e-001
 -1.7968818965113312e-001
  1.3999479861925407e-001
 -9.3456585207412624e-002
  4.8503414880208436e-002
 -8.2979722728301689e-002
  4.4443833275566808e-002
  3.0540476880373393e-002
 -1.8313850932030567e-002
 -4.1716374388767880e-002
  1.6223593423863512e-002
 -3.7095191914209317e-003
  4.2873979408258850e-002
 -2.1081060875687645e-003
  8.0190105448349411e-003
  6.3279945902494986e-002
 -4.7382937700570615e-002
  4.0006627539802324e-002
 -1.4254705138495585e-003
  1.5675058057993299e-003
 -4.2104777778829421e-002
  2.0252694230567136e-002
  2.0578895434515857e-002
 -1.1703416491506641e-001
  1.2435862005587664e-001
 -1.4397220523313550e-001
  2.2126916655490308e-002
  1.1134360955584739e-001
 -1.5152011833177995e-001
  1.9910098037872256e-001
 -1.4375711849548917e-001
  7.5247437926448127e-002
 -2.7995785041211644e-002
  1.9375332940732671e-002
  3.3959500882294588e-002
 -1.1131967291773387e-001
  1.5235031312120484e-001
 -1.4498339483625403e-001
  1.1858658640794659e-001
 -1.0241605640692092e-001
  1.1590816047659147e-001
 -1.3851859692312937e-001
  2.8789479173670595e-002
  5.7166443038129941e-002
 -3.4543914229793735e-002
  2.8692934416586248e-002
 -8.0812985805874208e-003
 -3.9927007097766441e-002
  4.3979739370895270e-002
 -5.1804108771862610e-002
  1.4123779080692858e-001
 -1.9743306710106148e-001
  2.2231730463815855e-001
 -1.0716290722932019e-001
  1.4776215660461489e-001
 -5.5154626481066837e-002
 -6.0250226749874722e-002
  4.7110183852189604e-002
  6.0810424803879118e-002
 -1.4071884918781002e-001
  7.7647569922588602e-002
  3.4718335814335220e-002
 -1.1414013411538206e-001
  7.0042645983311891e-002
 -1.8516129127634909e-001
  1.8377914599212697e-001
 -7.3057374106825015e-002
  8.0747008243008192e-002
 -1.0033698382157470e-001
  1.0736482899031848e-002
  4.1951708005167815e-002
 -4.2286268481501535e-002
  1.8499423930182248e-002
  4.2014442476285330e-002
 -7.1604826871696184e-002
 -1.3729757632628562e-003
  2.5327699989788836e-002
 -4.7298806683208128e-002
  2.4067234747184637e-002
 -3.1090358872150892e-002
  2.4520082457298011e-002
 -1.9563313832582419e-002
  2.6652449601953399e-002
 -2.0161857869949798e-003
 -2.7859961752769403e-003
  1.7337264438094930e-002
  7.1548716113230534e-002
 -3.1002095712760452e-002
  2.1091553360474660e-003
 -1.8895296958980241e-002
  2.1736210635002334e-002
  5.0396665774773600e-002
 -1.6713827927955116e-002
  2.9617731318795415e-002
 -4.6729730382394242e-003
 -9.2313979478159426e-003
 -2.3366928492630678e-002
  8.1918549336434901e-002
 -9.3518111330806730e-002
  3.3032951060533403e-002
  7.3383794831760413e-002
 -6.5413833758548756e-002
  7.1392879989964561e-002
 -8.9855354278667268e-002
  5.5067891406437267e-002
 -2.7303943341031353e-002
 -2.4384651623825832e-002
  7.0140463845300108e-002
 -4.5672724269334213e-002
  3.5400098248631273e-002
  2.3170460034252219e-002
  3.2405329479497244e-002
  1.0976997241705685e-002
 -8.8154214381164997e-002
  7.8309365732812136e-002
 -4.0426978542456450e-002
  2.6741186812790141e-002
  3.7571976722762981e-002
 -6.7868686164175976e-002
  3.7506936397436130e-002
 -3.1879918805606013e-002
 -5.1211902080725447e-003
  2.3262525580003367e-002
 -6.1252481972796383e-002
  9.7068825531547540e-002
 -8.6012043957014311e-002
  3.2281649438626735e-002
  8.9918643548589805e-002
 -1.0068933344778230e-001
  9.7197093129342646e-002
 -1.6079614748514586e-002
 -3.5770971848090881e-002
  7.5808582391560075e-002
 -1.9728545540563788e-002
  2.9132432479271473e-002
 -4.1994174795458111e-002
  9.2686421819927235e-003
  8.1420181343987222e-003
  2.6829457402084433e-002
 -3.5478354247975422e-002
 -2.5500493296123552e-002
  3.4458415184462827e-003
 -1.0532995784216846e-002
  1.8380240351572385e-002
  1.8679472715967767e-002
 -2.9101942346572113e-003
  3.1387160290081199e-002
 -8.6186822738370153e-002
  1.0680046645128405e-001
 -8.0605658193075969e-002
  1.5133063595608734e-001
 -1.1626073472179960e-001
  4.4755138761617727e-002
 -3.1432743144561771e-002
  3.4614148412218416e-002
  6.5542097982747962e-003
 -1.2988370807079652e-001
  1.7499329370769437e-001
 -2.0217307700142509e-001
  1.7750801351057582e-001
 -1.3854377144351102e-001
  1.1142455859625924e-001
 -2.5662189734775482e-002
  3.5867939849332738e-002
 -6.6795721146316087e-002
  1.0532987408359765e-001
 -1.1850242350026620e-001
  6.7547394195365831e-002
  1.4672050920150392e-002
 -1.2493452944533553e-001
  2.0709997233214192e-001
 -3.0237999425687379e-001
  2.7704183988493514e-001
 -3.0880227049901887e-001
  2.3048919029476592e-001
 -1.9536257396069878e-001
  1.2676527694438339e-001
 -9.8868841506360869e-002
  9.2761145289923214e-002
 -8.5170924734122688e-002
  3.0732362009404223e-002
  1.7223432933569753e-002
 -1.9066631581533669e-002
  2.3437569629228144e-002
  9.2503037673949981e-004
 -8.0217496092945140e-003
  4.3028000174414653e-002
 -4.1184237763807363e-002
  5.6735256914299433e-002
 -9.7231954896327952e-002
  1.1277395398230468e-001
 -1.1365210528735191e-001
  4.7218137527912117e-002
 -1.7808944103267915e-002
 -2.4619894181062585e-002
  9.2727615184941409e-002
 -6.0896425055096882e-002
  6.5536961399565830e-002
 -1.2659091030242868e-002
  1.8598456320670344e-002
  8.7836249054792981e-002
 -6.1727121756214337e-002
 -3.1012888744150542e-002
  9.5992609373530643e-002
 -3.8433043151091972e-002
 -1.1198381977602025e-001
  2.2679665584038075e-001
 -2.1053537803250319e-001
  2.5256818451472829e-001
 -2.6138511031659167e-001
  1.6355089653409649e-001
 -1.0360525301440543e-001
  7.4258180672497716e-003
 -1.0102336817731354e-001
  1.2725379855214264e-001
 -4.6254130408223071e-002
 -6.1872265076621011e-002
  6.0396003079894060e-002
 -1.1647384993633340e-001
  8.0029940572322267e-002
 -7.4870508942847441e-002
  1.5462373242821156e-001
 -1.2484823098266974e-001
  1.2973243555968472e-001
 -9.8540238625052137e-002
  4.6164624825649599e-002
 -2.8874899850422110e-002
 -3.3036923791317639e-002
  1.9566393715927080e-003
  2.4881048042329643e-002
 -1.1476089984405459e-001
  1.3417653476165814e-001
 -4.4475657263836156e-002
  8.6104716202784534e-003
  7.7906814737945890e-002
 -2.6039565993738429e-002
 -3.2981150633058523e-002
  3.9246705119034012e-002
  8.5378855338787765e-002
 -5.4371232995188867e-002
  2.6597710591358518e-002
  5.4667030716188940e-002
 -9.7654125775453085e-002
  1.2863705802257216e-001
 -1.4581609207195972e-001
  1.8601141901392584e-001
 -2.2477590235529524e-001
  1.6806251467778588e-001
 -1.2882561322583980e-001
  1.0752874413904341e-001
 -7.4547953131827618e-002
  2.9471689969540030e-002
 -5.1051534228026177e-002
 -6.2628552550849483e-003
  7.9122846326023080e-002
 -1.0902371278755850e-001
  9.8572785107681207e-002
 -1.1056028886902540e-001
  9.8382853810045953e-002
 -1.9516146735791922e-003
 -5.4272468285071407e-003
 -1.9144231009015058e-003
 -7.2165892898025941e-002
  1.3180305498380498e-001
 -7.2539027347905641e-002
  6.2639658509948237e-002
 -8.1825839152233432e-002
  1.6018402182061540e-002
 -8.1097853628112102e-002
  8.8194113816710537e-002
 -1.5304929124052791e-001
  1.2843695566256846e-001
 -8.4060053443738986e-002
  9.1675480271115675e-002
 -1.0995317732634283e-001
